 new file
  0.82706939366060128      -0.52818926359849150       0.19228187613284922     
  0.86824036508742408      -0.33572707074198321       0.36530261757050669     
  0.19540950352396766       0.85795839218682002       0.47510264491867765     
 -0.97091497076944921       0.12744412179598114       0.20268723530457114     
 -0.76859115840831305       0.45875892378771327       0.44587877395286074     
  0.54984003644300783       0.81349296155201944       0.18948650566643693     
 -0.66698777052425828       0.74506455743907829        2.4737055583695872E-003
 -0.51498663651629950      -0.63535182627142195       0.57542751156266225     
 -0.83631451280705427      -0.49809110540716672       0.22909230974121808     
  0.37274881534307930       0.91294364722365251       0.16610905349891741     
 -0.82255632096236542       0.26381284404967359       0.50378952168468205     
  -5.2006462370482905E-002 -0.15155153320335940       0.98708027062413650     
 -0.96994066830785530        7.9519494799996149E-002  0.22998206432081716     
  -4.9526307015526017E-002  0.98681448903909486       0.15409188536686100     
 -0.55741994855803145       0.27466613998332878       0.78348038424469824     
 -0.58424902616692254      -0.67312989131321854       0.45337536858949151     
  0.41673745546714225      -0.42645405265223058       0.80278691705038396     
  0.94500393466010102      -0.32704968945319440        2.4625404558436233E-003
  0.34902432016211499      -0.84666158608711006       0.40167920356900794     
 -0.94890390037461803        7.9192969885008763E-002  0.30546662890507231     
 -0.11488623685813497       0.68840558198681856       0.71616960789324624     
  0.76151143127619736       0.32862493468069004       0.55866447205974157     
 -0.34751301963554049      -0.89113418864659943       0.29174399566907144     
 -0.47782978749702010       0.44833635291097845       0.75542915540706734     
   3.8041933257516314E-003  0.74101337736632478       0.67147948790509837     
  0.77770496148290713      -0.38402351378801669       0.49769562359214581     
 -0.36088475513689161      -0.87914171238227956       0.31124273976968353     
 -0.95458025896987475       0.21562753669908954       0.20562415860518407     
  0.72659925831229943       0.60792169085705883       0.32013237200494282     
  0.46469245205018234      -0.78571982955551678       0.40829557241150516     
 -0.61484043892322104      -0.69884391250954192       0.36549749741011478     
 -0.73291198426966242      -0.25517954172350898       0.63065317314645009     
  0.57032382246465341      -0.45061195355633366       0.68678934531736235     
  0.33101895329332143       0.66581691250037578       0.66866605386325773     
  0.53613246005537074      -0.47807111581592548       0.69570826752130266     
 -0.69153122032041392       0.31707077766619485       0.64903828336417391     
 -0.30564171394792761      -0.59004234027052982       0.74728386800669622     
  0.82639848580753672       0.44367418397543690       0.34672577223036161     
 -0.43615410691110318      -0.77563395799408819       0.45624725558736590     
 -0.62121613134942699      -0.43632307254798602       0.65093217351236865     
 -0.67580789441374323       0.32590636988585231       0.66111173633198284     
 -0.10897403858012976       0.75260321801743635       0.64939437566500047     
 -0.73575203343173545       0.54037289346932871       0.40824757354410796     
 -0.78411803411068393       0.34109133885337395       0.51847430711811449     
 -0.59894776338861022      -0.56898244683700561       0.56348962006691428     
  0.28527342801994782      -0.79966884106479097       0.52834535665210647     
 -0.98193452186352004       -5.7522139829421705E-002  0.18026590970592479     
  0.24441773730877761       0.87738607797814272       0.41286031519024663     
 -0.94920879749939036      -0.27317835954908654       0.15612892949044155     
  0.41590379071968409      -0.43700834655267651       0.79752601331134831     
  0.92041306228276143       0.38120965201808471        8.6712144406191655E-002
 -0.74512271387170748       0.33402233510064633       0.57725316883181599     
  0.93091729439251292       0.11816122725903365       0.34558778244255456     
 -0.49118600197605755      -0.82870253579990361       0.26830657580757544     
 -0.82936622057688858       0.47161995196544343       0.29954347443087553     
  0.82276432956390511      -0.44725444842311368       0.35074537254680099     
  -6.4567788081005106E-002 -0.83169155879686785       0.55147089838754204     
 -0.89960778933396746       0.41106274757097133       0.14742198929961511     
  0.88299954824077542       0.44632861176381439       0.14526723005403738     
  0.83589807785610726      -0.50558596001645884       0.21367554953878279     
  0.59695431013537603      -0.14807343567288192       0.78849211109485817     
 -0.17145282662267680        7.2658165580914202E-002  0.98250939904792289     
 -0.85615454065774721      -0.50152762244291049       0.12437622939245054     
  0.98565240984254876       0.12934512316269212       0.10843968870115929     
 -0.33702621754458917      -0.54053352770865193       0.77086758532865263     
 -0.71327156953960147       0.70076634678009653        1.3045892341680508E-002
 -0.67460042599964642       -2.8926667868684659E-002  0.73761610145597445     
  0.56879373106487185      -0.79108406852553348       0.22507707130312299     
  0.52022835439067860      -0.19810092258122236       0.83073370207331498     
  0.27246768036086738       0.87337267736426671       0.40370970955915925     
 -0.96514912861435620       0.15079784386721332       0.21388588036602249     
 -0.68220987378261033       -9.9279388145941172E-002  0.72438476737358481     
  0.77393003809396943      -0.44740630460343167       0.44817395588874653     
  0.62532449544725277       0.51991563913783501       0.58194244008624696     
  0.58988284907068456      -0.25431652688611522       0.76639502120305814     
  0.39316769105596727      -0.42118842290668690       0.81732458614622461     
 -0.80772304742228707       0.12982077347222570       0.57509133660482736     
  0.24014155125380007       0.77113128183972113       0.58965123719843671     
   2.4715567892004658E-002  0.64358427662370676       0.76497609085939144     
 -0.57464932860740014      -0.57378629892706767       0.58356442000403175     
  0.49657267712361824      -0.64276325895118713       0.58332749744610179     
  0.93466013445911778      -0.20931645659065246       0.28739703208835926     
  0.44065709546818105      -0.88214631912304187       0.16625040111595116     
  0.58559024651177827      -0.80949328719833213        4.2481539180134122E-002
 -0.94077641804857082      -0.30116234534703640       0.15569512833988433     
  0.24558815741340395       0.95943546331482932       0.13845594487831905     
  0.42946973275098788      -0.17703610912483703       0.88555856086242746     
   8.6826759422221247E-002 -0.90543448561560247       0.41551113836604336     
  0.61941704131314257      -0.53940246749328957       0.57040994643591514     
  0.79636663462858948      -0.12700886928512073       0.59132810720719997     
  0.16853806177361244       0.87359533194277650       0.45653709349995220     
 -0.87088330687618709        2.4283216570873276E-002  0.49088959165719664     
  -2.2026176694470850E-002  0.93855819221791315       0.34441743184813778     
  0.93227326983068004       -8.1448116442219901E-002  0.35246667173965068     
  0.68406354588622054       0.65253405271856124       0.32596989927332332     
 -0.98894048995967931       0.11855161977543593        8.9119138050868393E-002
  0.16451174547822989      -0.93110313822762281       0.32555004466652870     
  0.84444314596550307      -0.36606993093475426       0.39103526554175172     
  0.49093215109231858       0.80801812068519374       0.32571819057006407     
 -0.88583097893572638       0.39998612505848780       0.23519051111485853     
  -1.0382775654550876E-002  0.95132041073729823       0.30802869035907254     
  0.45237847648016399      -0.86969519803349216       0.19744360342885459     
 -0.74881401382999724      -0.40878526512390295       0.52170123606273844     
 -0.16778416819248038       0.82819187346385414       0.53473983733437058     
 -0.79385489617188354      -0.49772423700221319       0.34937800120284151     
  0.44987350991003860      -0.76394622393920331       0.46260133161314532     
 -0.95402886095089756       0.21777157367392455       0.20592346678393725     
  0.39094758685372166       0.50486576082115009       0.76959115631855657     
 -0.65473247301691972       0.22038635664309045       0.72301814816969356     
 -0.44209832276198635      -0.47965852448498103       0.75794246015111821     
  0.46069136179930681      -0.37644463710438930       0.80377416253500278     
  0.31566572240348773       0.94247627645002097       0.10997099630533531     
 -0.51543030096237219       0.65798580311444588       0.54898660070139793     
 -0.89555330244578435       0.20729987421494586       0.39371442014348040     
 -0.47272637914602517       0.53722765926544003       0.69850999461687369     
  -3.2366071743031077E-002  0.18053220728235991       0.98303639786819907     
  0.64934010713400570      -0.74983532109360307       0.12690317768933554     
 -0.94051541034978425      -0.30505372408674303       0.14957602854530602     
  0.46782838440431018       0.88374801296977790        1.1227302330597390E-002
   9.9390108316512987E-002 -0.58257854993777680       0.80667455613848960     
 -0.28437665777881632      -0.85708498144620049       0.42957566398705133     
 -0.91189913585059101       0.34691638875729136       0.21929200908046176     
  0.23871856328444102       0.87139713723518120       0.42857960376310855     
  0.46279194350695868       0.69318254825346182       0.55255911160878457     
 -0.68935455630268194      -0.62951321017692352       0.35847372835045666     
 -0.12594735826364026       0.98466052656026037       0.12075144049029349     
 -0.91177499502670145      -0.36450645871609288       0.18921257885857343     
  0.81800091045163248      -0.24779599708914279       0.51910659245177948     
 -0.79657968412187297      -0.60365061512349227        3.2661012007078306E-002
 -0.74355636107087608       0.18983654142494349       0.64115990630329722     
 -0.90472418500953466       0.42501914604446739        2.8859566082411491E-002
 -0.20191962626037371       0.84273963784081174       0.49901740184367138     
  0.75859117326897219      -0.39241697857737357       0.52014262155932689     
  0.30668235560063617      -0.94426937829882884       0.11958793405017126     
 -0.67406502386280465      -0.11534575359751552       0.72961065009486914     
 -0.16093101516920327       0.66034607433571746       0.73351501038902855     
  0.83525549496158236       0.37353722946437828       0.40350736838446793     
  0.73785517989907023      -0.51178063120273520       0.44005717699162733     
  -8.6848457149442670E-002  0.99458471827096229        5.7084005401094963E-002
 -0.54733616093285664       0.58820010576160098       0.59535179727395093     
 -0.41807512445836525      -0.90262453201355708       0.10238234474961874     
  0.73548714203095034       0.27803478408278648       0.61786351465933231     
  0.48467854053653414      -0.55278903694702219       0.67787240169117313     
 -0.99860816394256136        2.1332876997043462E-002   4.8235290672861190E-002
  0.15135155464679137       0.96197148491124052       0.22738418837654953     
  0.47724956112279837      -0.85630372116614961       0.19742541256155843     
  0.92736607094802770       0.28836090588748731       0.23841174134292409     
 -0.96920342559783967        2.8459920028868591E-002  0.24461143219678697     
 -0.13880638373663637       0.81220129331056812       0.56662319664711747     
  0.11983414821921086      -0.98706317442708524       0.10651791685205599     
 -0.79191991491202562      -0.47604428958898720       0.38241951142096120     
  0.78572384640653392       0.61834628677029135        1.6908779539460801E-002
 -0.67355923914349081      -0.60499574087704255       0.42461524334988265     
 -0.95362699221287039        5.2849762657210392E-002  0.29631480271851218     
  0.46029922444086752       0.66450939548389243       0.58868657814899061     
  -3.5564138855448610E-002 -0.97163433991301229       0.23379884843445017     
 -0.97475455169490244      -0.21491002878712456        6.0557769747462957E-002
  0.54014157938851370       0.84046848211469760        4.3125454055560453E-002
 -0.96029118205902497        4.4686807877483671E-002  0.27539777570162327     
 -0.83269844932042192      -0.44313094324478125       0.33203653358983698     
  0.46646402506563300      -0.13364155957874616       0.87438621150663676     
  0.89891098981920547       0.40603236009953358       0.16461091985120180     
   6.5825053661487234E-002  0.91892285364194293       0.38890596725302462     
   4.4747972645910142E-002 -0.93166535759922964       0.36055135611113726     
  0.90185750009016041       0.32254401851030057       0.28743417621144707     
  0.44066380973372238       0.87667907717759064       0.19300052442936425     
  0.85590881834331323      -0.22012070002627804       0.46793906879218244     
  0.78312271965793123      -0.57457153727723620       0.23787886519495324     
 -0.44403667503537386       0.72587838902705437       0.52529229536232325     
 -0.50832214050281599      -0.82440490633435615       0.24892800542822952     
 -0.41406078307676686       0.75009330270781305       0.51566821227485005     
  0.99512869597554465        6.4072260490511110E-002   7.4924120826661070E-002
   6.7616569011119676E-002  0.99271091896604857        9.9764878392888195E-002
 -0.35760649293623920      -0.21835964736129782       0.90798494514727124     
 -0.24146103947863190       0.97039684035754237        5.1515665575476745E-003
  0.83604366786678364      -0.34961615478733105       0.42284693416362412     
 -0.23909921370559223      -0.55631680411296591       0.79582861186746934     
 -0.96021304709242505       0.18964767089035256       0.20499918321628685     
 -0.64061981214843000      -0.69839506668743223       0.31914038777561077     
  0.45760725625301479      -0.85505526935497511       0.24387719322002746     
  0.92299845732936547       -9.6909045970368451E-002  0.37240097284610379     
  0.63435877131646157       0.77116524081235649        5.3787736675653015E-002
  -7.5165998604926260E-002 -0.96325668731409397       0.25785000872290514     
 -0.21322103519546085       0.90705017985209857       0.36303823680220182     
  0.67024928094937186       0.68328472632594772       0.28963405213566423     
  0.41696477598323028      -0.81540729722789362       0.40156109773826004     
   9.7171616641670580E-002  0.26456201710103111       0.95946058596832318     
 -0.36372500958042858       0.85782359021300980       0.36310164620912877     
  0.42677737878168370       0.74214094483838944       0.51680546335600752     
  0.70838719948212869      -0.54815428052805548       0.44465094214297640     
 -0.55559999609555077       0.69011025744621757       0.46374182139002651     
 -0.71507656149963772      -0.58891781060255632       0.37661827298864092     
 -0.83175161939710229      -0.32885714047393211       0.44726080175844452     
 -0.39227742725352266       0.85028574640421106       0.35090250715717453     
 -0.58717152713553067       0.29882525927063164       0.75228522658840546     
 -0.40381922095876993      -0.85881593357238084       0.31522250716985917     
 -0.34837924441353219        1.9927914562675817E-002  0.93714181439259192     
  0.21960514077224344       0.97520792411109425        2.7259620271266775E-002
  0.44877347135451268       0.84646001343332455       0.28654461618895621     
 -0.58916374923288284      -0.79511731634669847       0.14378640351395278     
  0.43915168100286972      -0.31581356530412463       0.84107526003458877     
  0.12195014692684085       0.87544846996542769       0.46767311030217867     
 -0.45945934819249379       0.78345340170378919       0.41844697957720989     
 -0.68647806664536770      -0.68588279431275589       0.24148013682405431     
 -0.99160815506762112       -5.7824100214504570E-002  0.11562716046747673     
  0.16005036314441057       0.74228995154108424       0.65068387800719107     
  0.56106120978859253      -0.55407849682876997       0.61498564066369199     
 -0.11526654377985672      -0.87880649257541610       0.46304726809726643     
 -0.82774466639861166       0.54364947748929060       0.13886688904945035     
  0.17459677657368286       0.96946088959737697       0.17222528603878678     
 -0.50388370225683421       0.77073563068625028       0.38995871857238207     
  0.61968230535733060      -0.68325234822835068       0.38621246622483429     
  0.32509637290453336        1.8026423093072903E-002  0.94550906732552598     
 -0.21289014244784471       0.97054130371377034       0.11281562406914841     
  0.96968586277033364      -0.22696808004973151        9.0525235055714623E-002
 -0.50006223038800668      -0.82555106395382327       0.26154006680446240     
  0.54853255704598380       0.35874663828717002       0.75525683272529820     
 -0.23716145369021532       0.87431734638064473       0.42346620018775027     
  0.37121342264088575      -0.73723218023192782       0.56452573659817962     
 -0.97566347448927282        2.1616889804918882E-002  0.21820516635194948     
  0.44952259279970636      -0.82737748787323917       0.33671342581369917     
  0.75437160827827232      -0.60137712346002370       0.26319010620196254     
  0.40232068479000177      -0.72826903908864171       0.55476325878252808     
 -0.59761456289195702      -0.60244531096325571       0.52907133877941381     
 -0.75499933517527706       0.55966455282505456       0.34168932116181372     
  0.87604913545587326       0.29595891943743796       0.38071804563540329     
 -0.48996446159525681       0.81100753260966607       0.31968986287345991     
 -0.27384515879131488       0.36792728797839824       0.88861596866555359     
 -0.39312495206169573       0.85604941227523113       0.33560717484839447     
   9.1407819311600996E-002  0.81123643284797631       0.57752927249515973     
 -0.62469647789795557       0.56461385575294731       0.53941218413535974     
  0.29271718931622254      -0.76849921887288530       0.56896888989695715     
  0.98558021213817082        6.9965409966873518E-002  0.15406650138769812     
   6.7530903292714370E-002  0.72785409615001440       0.68239870443760053     
  0.89637005558379679       0.25660395122085433       0.36149015985299843     
  0.94211654824592084       0.15317672931985654       0.29825039667377323     
 -0.80431875339600278       -7.7479532118502836E-002  0.58912499950197161     
 -0.42686762505044978       0.87371156649267678       0.23326407623271364     
  0.93486794116583838       0.21466877726828920       0.28273529784320245     
  0.78912111895949733       0.10745014010275192       0.60476634083256475     
  0.15909996154023767       0.79469912922079644       0.58578195282340573     
 -0.69728247801138299       0.44041868153663738       0.56553384585879130     
  0.52986156918345306       0.69400668574149715       0.48744377896179120     
  0.67205912686777969      -0.68859879346218222       0.27233845052828032     
 -0.29407450923590372      -0.87495225387008124       0.38468004427748442     
 -0.51696388591224807       0.84677497850103878       0.12538132415584796     
  0.64804292576107947      -0.30391257320714660       0.69833911118999403     
 -0.20312048805988769      -0.79956725619521130       0.56518516448220246     
 -0.99098327826341037        9.0198192104895547E-003  0.13368165567389712     
   5.5068790134082959E-002  0.77925741205405752       0.62427983638107454     
  0.86993661346770668       -9.3847611230453432E-002  0.48415174730106608     
 -0.26174389952156968      -0.90186384132411790       0.34370298627644874     
  0.63806884350671267      -0.60089540149220044       0.48144871732255484     
   9.8921776526203237E-002  0.75237629541476803       0.65126368870592610     
  0.86194210422085982      -0.28573434133797437       0.41882179402637404     
  0.23424146611907279      -0.82605107425007218       0.51261150814304712     
 -0.82285464384105167       0.37451849070508186       0.42737119138894153     
 -0.10050923780260416       0.88003331711121890       0.46415434274663886     
  0.81350503793980689      -0.22403378982020575       0.53667347080450067     
   3.7298669696627672E-002 -0.54540289032804090       0.83734371464810131     
  0.89088621012914249      -0.13727114044529154       0.43298775340947271     
 -0.84923640032272363       0.39419363175945937       0.35129605327585217     
 -0.47512423204364229      -0.24793684388646930       0.84426553025014328     
  0.84243863669264019      -0.52971645070416884        9.8476521368413908E-002
   8.5136608579282749E-002 -0.76463596282730162       0.63881421573943020     
 -0.55705172339252418      -0.41804239457243636       0.71758897274523537     
 -0.73307855152006340       0.66093527382831641       0.16050047074925980     
  0.38561077593142651       0.79915022504856503       0.46115425541828309     
 -0.53009368367662224       0.30862690254788006       0.78977852689842776     
 -0.16059544992523270      -0.76653076037584211       0.62180358221945398     
 -0.87682825897586392       0.46698003067428473       0.11446333567042156     
  0.19745637839776445       0.61037831104136964       0.76710448834583400     
  0.79538006982313181      -0.36666910887402482       0.48262232555661838     
 -0.63552460764553220      -0.57968574585264276       0.50997343963412212     
   1.7099119738958776E-002 -0.99775384772244191        6.4767889105751361E-002
  0.99731114898769246        7.1460709786510160E-002   1.6243123519105972E-002
   4.6186110379997015E-002 -0.79722735305622505       0.60190978621960611     
 -0.85014736014123438        9.5479935197318552E-002  0.51781565061284696     
 -0.46627100926442355      -0.79843394777890253       0.38091282067388138     
  0.45893793172393932       0.55561044342205235       0.69330585601544070     
  0.21318398737663144      -0.81648757735392807       0.53656371807355108     
 -0.96454542191524506       0.24682116501464829        9.3442182996511192E-002
 -0.22297462299505594      -0.95140034613354840       0.21241397994759390     
  0.32878910891321889       0.69825145718435766       0.63587941026579287     
 -0.48122017918544291       0.70787862594030149       0.51704447592214053     
 -0.87667202593902183       -7.9113643391882666E-003  0.48102346018698894     
  0.60108025410296384      -0.76773259328954113       0.22201169637753931     
  0.65871198227272998       0.65969788180205657       0.36179722104545042     
  0.15003522261933910      -0.97706289638320309       0.15112090684227567     
 -0.41731595655808068       0.32729080044046704       0.84777834623741855     
 -0.30790047752495797       0.88753162872391667       0.34276070946736925     
  0.87112771129753219        2.3273393985216731E-002  0.49050469900086818     
 -0.79312836209959081      -0.52131563303442652       0.31492445441269784     
 -0.99706556211195607       -5.6576049112722210E-002   5.1569521203554639E-002
  0.58854354640542228       0.23556112459631695       0.77338699922060161     
  0.59003440120012485      -0.34438253688848414       0.73024658416637733     
 -0.30897772205991303      -0.92112864602693856       0.23675891691601877     
 -0.95189249762251826      -0.20855631324783622       0.22451043889858319     
  0.93433118218534261       0.33630963353060445       0.11798759422350491     
  0.50178011896299768      -0.71030073587608522       0.49364924473493488     
 -0.87638490911614908       0.19525088308635957       0.44025740621535941     
  0.49848075649335288       0.64088498870749711       0.58376653437415038     
 -0.93295842604925860      -0.35110547785710283        7.9457653391133989E-002
  0.34317829974443353      -0.74125011565502963       0.57686820039409770     
  0.66220780156996017       0.62895767939479841       0.40729972387688917     
 -0.82208215340869217      -0.18427475349470812       0.53872418571231062     
 -0.34990481513997601      -0.54190877327559717       0.76413447886402608     
  0.65024766009444412      -0.27884897077903076       0.70669741193609559     
 -0.89284463439725059      -0.40269067296115202       0.20166477317105855     
 -0.59963739183481690       0.75396496899771304       0.26827564898405520     
 -0.12497416585106726      -0.49797611538186531       0.85813824432839325     
  0.71088135076881209      -0.15012169404209313       0.68710347263497451     
  0.14801654896352093       0.67204121446491116       0.72556991895575218     
 -0.61583287980388901       0.69127325394798844       0.37800946089828041     
 -0.62642737396772208      -0.72235252643077974       0.29290881294862597     
  0.83852721207382463       0.18697428366113170       0.51177410237438348     
  0.69175072406387261      -0.50071919806528808       0.52034721143286866     
 -0.23914416980815875      -0.87925250416653522       0.41197706242416360     
 -0.95809607758863069       0.19147195452848562       0.21305022116468741     
 -0.74504442902286350       0.60262753869356811       0.28591755523249601     
 -0.55914032707321126       0.81733537763992059       0.13901429818069327     
   7.2761309275250319E-002  0.90837603505431364       0.41177514593714321     
 -0.74676295408524485       -9.1076438844356900E-003  0.66502792514957809     
 -0.29117701715827277      -0.58312792873886576       0.75840474906446309     
 -0.82122611992660299       -6.4125452161776009E-002  0.56698817124817025     
  0.27466696315777767       0.61886089752183837       0.73591388685643710     
 -0.81872059300365119       -6.7877755736271764E-002  0.57016594151874478     
 -0.95831932869436887      -0.25176148222585987       0.13505635978439523     
  0.68884034828698493       0.70843057294662126       0.15370457991350503     
  0.45901706748031695      -0.25022312866693386       0.85246215026938366     
 -0.71950731065124807      -0.67547202044521171       0.16139014689587394     
 -0.90890202389175401       0.21018110332513593       0.36016803685294169     
 -0.46087487022097379       0.63069436322326167       0.62435484637920835     
 -0.45014634270065440       0.83693453349795910       0.31130187405760762     
 -0.71438232201352003       0.69352723738301414        9.3155080389936598E-002
 -0.43637575470178802        4.3242714936206225E-002  0.89872480121191201     
  0.20509669397027888      -0.86479190620480106       0.45833427221311762     
 -0.14787972015340053       0.84120772100400709       0.52009725868398549     
 -0.23008910106277541       0.47343721402008448       0.85024479413462128     
 -0.96149922528086751      -0.26923490816828050        5.5061819874655825E-002
  0.73064267947560835       0.35534162683189979       0.58300394781610376     
  0.70232542453023872      -0.71185443248176050        1.5049965085439398E-003
 -0.71112211442731599       0.61450484566467301       0.34159791133298723     
  -3.4629080113346565E-003  0.95576794400119813       0.29410142041110210     
 -0.87882515458753996       0.47358338079613227        5.8181862275902316E-002
 -0.98007426148666899      -0.17453810517520230        9.4820313294200639E-002
 -0.40402509305538742       0.87567757978784355       0.26448535013964425     
  0.17030137529868142      -0.61650686484141493       0.76871108173018221     
 -0.28845309504363287      -0.95663660771761239        4.0511883864955564E-002
 -0.89024297015719700       0.43350949035697101       0.13977473253822148     
 -0.54292704458657803      -0.72772867934183572       0.41909568539877823     
  0.97552328182135095       -2.7591432842870276E-002  0.21815828991394895     
 -0.18058677070778723      -0.92428130488169113       0.33629226528650830     
 -0.58209264883922684       0.47825526580570837       0.65760174033866703     
  0.67225962006445039       0.25726826831541483       0.69417580003107904     
  0.69316009107318910      -0.57606049993351960       0.43322440900733122     
 -0.70991790831301527      -0.59093838686800870       0.38315582519688896     
 -0.36728580642045655       0.55017956470899931       0.74993571923111590     
 -0.78363081879747776       0.53238870763574864       0.32013279090516839     
 -0.74805099047651424      -0.53403781788451066       0.39398391428617507     
 -0.25596465888461623       0.57529552948918872       0.77686366059420997     
  0.86603484841520428      -0.38512011092715404       0.31885128428455572     
  0.32285867117895395      -0.62650241867126422       0.70940608810723904     
 -0.67258181622446034      -0.36787104587310154       0.64210948762063669     
 -0.42180912629369627       0.87999474950774359       0.21837193458444351     
  0.93563583177669851      -0.15279195154833150       0.31818266740596962     
 -0.64149330883985800      -0.76656539739119278        2.9390920982050161E-002
  0.26728330832764230       0.59164515256534955       0.76060216048559492     
 -0.97975166794554802       0.15212085846206516       0.13017647091038040     
  0.58325812028392443      -0.64308246204047581       0.49624078040687369     
  -8.0582794345169476E-002  0.99381842603206327        7.6363272157999790E-002
 -0.34744954952619717        2.1146452694710188E-002  0.93746020612742442     
 -0.38387262557934232      -0.85309288222048341       0.35337563814667616     
  0.88825696690945355      -0.24547446961634972       0.38825487183471319     
 -0.47122938859897723      -0.87923971284278013        6.9859793019872898E-002
  0.42746062592860473       0.79898899697594838       0.42295862208033241     
  0.90321201393444794      -0.41275575901870792       0.11764667985697333     
 -0.42524265770373348      -0.72254852281336457       0.54506175269348167     
  0.51312480783233971      -0.83783340817899721       0.18638162926155119     
  0.47011998536244742       0.88122972423920909        4.9207443340409149E-002
  0.98366678421441422        7.5947391591582120E-002  0.16319206887501517     
 -0.45377183896803369      -0.88713394799536649        8.4169332144928902E-002
 -0.43720553093188991       0.83833785437267649       0.32563931833914200     
  0.63679296556253684      -0.45825313237622961       0.62007966075129695     
 -0.40863473877352446      -0.88102153609675371       0.23836674097115504     
 -0.56775234462759827       0.29734314854256694       0.76762251607457288     
 -0.28462660461743244      -0.83118049799962146       0.47762608355182307     
  0.53274192497919570      -0.83718492415768131       0.12372325623163437     
  0.16886317719290328      -0.96445321664151118       0.20326145797509321     
 -0.86935577277045017       0.28078902900017194       0.40666701555920914     
 -0.66040165067012579      -0.68658780253265173       0.30408362206070516     
  0.15871759452317219      -0.95931480252753998       0.23350339363770523     
  0.42622721275117437       0.48153141489541151       0.76580536664297938     
 -0.25270211332219950       0.75938348860021831       0.59956514171844255     
 -0.59713728850327441       0.56869892435644864       0.56569301932653837     
 -0.90453366221580456      -0.30241994653406368       0.30060111419753383     
 -0.36360324462814164       0.85107455920866870       0.37876744205865681     
  0.26689475520692924       0.86480095758117970       0.42530752804260091     
 -0.93426091029696401       0.35474081353201431        3.6269914608846203E-002
 -0.21037161334891447      -0.83074923286572999       0.51536346047229220     
 -0.76959521191268865       0.56151444534940509       0.30401437049095842     
 -0.47600993856695328       0.71963220324009769       0.50551363032591690     
 -0.84367034776393823       0.30869476735664186       0.43923556881302828     
 -0.51844237154467854      -0.68795892058333930       0.50786812360782818     
 -0.72678888768549188       0.51656398756735222       0.45270250660384204     
  0.64850224918158250       0.75029873483434728       0.12843925144754831     
  0.89798675948101736      -0.18975444255804239       0.39700507720464756     
 -0.15314962961851367      -0.77999420429630262       0.60675714434350925     
 -0.58333574653516806       0.68906741806143490       0.43000639551105024     
  0.58896263314833086       0.60981436583792625       0.53032957297577943     
 -0.89391566375990372       0.23421747417725791       0.38217399293347576     
  0.53197020827362340      -0.82843370224245094       0.17522927409021505     
  0.33076219886885705      -0.83335455905844458       0.44285047893837032     
 -0.90289209218789468       0.42726683523284648        4.7211453850454804E-002
  -2.3503639038800334E-002  0.75081629250757387       0.66009277670424127     
  0.84548062461033080      -0.51579686911685074       0.13826099673363873     
 -0.86568178446111854      -0.15122980367608024       0.47720498167172110     
   3.4246125343103196E-003  0.80984657286544359       0.58663174176572275     
  0.81609567011515438       0.46739143955793550       0.33990160259589514     
  0.93170614610834246      -0.33369991236443625       0.14341557025618773     
   3.9268239702241137E-002  0.86777244784386098       0.49540789670105256     
 -0.53807528809386085       0.84079239988143106        5.9524151773314431E-002
 -0.75262688440073111      -0.29267701001717661       0.58982449990200836     
  0.24535430130231675      -0.94275306128288117       0.22587149504576295     
  0.93627847111580487      -0.20457667707265786       0.28553635096596769     
  0.19682391386512949       0.93282482630441099       0.30182476764002930     
 -0.65809237219423922      -0.17825765477461139       0.73153170688222002     
  0.55797005316788861      -0.79529260297595894       0.23702129739655714     
 -0.96975949590262611       0.22239075020524762       0.10054289795819306     
  0.81436682215644429       0.54847155751871934       0.18969878640572294     
  0.37050111359135968       0.84325595965300160       0.38942048140442981     
 -0.74151158797378780       0.45934506482580151       0.48904261196829424     
 -0.18591283240461062      -0.66882949109422540       0.71979408902125241     
  0.61049539112096418      -0.65565588745292391       0.44430927817048749     
  0.89012024894101416       0.41639539317632762       0.18520480276363857     
  0.80035431910642674       0.18348348213349708       0.57075982310587936     
  0.98182076257385564       -5.3794757474673729E-002  0.18202778427243904     
 -0.28582024823761693      -0.49623896268927564       0.81978880061053438     
  0.91794756428355140      -0.13477711962313613       0.37310507535007614     
  0.62098991135373172       0.51860651692585535       0.58772341334927014     
  0.89983855573525173      -0.36935417897409906       0.23209494627558300     
  0.49639424164261681      -0.70357026213583074       0.50850923600478448     
  0.60197474274890461       0.78990476856417435       0.11694813248602148     
 -0.40552873438766990       0.88430190461635638       0.23142296143170227     
 -0.77173015574226433       0.62181732855740934       0.13332582879452645     
  0.25811933350743627      -0.61267407474113478       0.74699724752489638     
 -0.83091086440810857       0.25855160562557411       0.49268468885993150     
  0.58623154922244214       0.78305213795469131       0.20775447032697669     
   8.4062175031112171E-002 -0.74729932301186153       0.65914890013945393     
 -0.85941387669194236       0.51108862471961858        1.4007363475538024E-002
  -8.1660854017571408E-002  0.88658102018147644       0.45530824676815745     
  0.22123680157008388       0.91865186327451354       0.32731182644888257     
  0.54016950928809471      -0.83773807566570913        8.0073827280663215E-002
 -0.52741999553645169        4.0222695559009300E-002  0.84865203886533880     
 -0.41102132793873758       0.86394948800011417       0.29095145671368822     
  0.95809404960001088       0.27346896354814415        8.5267333117412511E-002
 -0.70861873884850979      -0.67977832473665445       0.18910555827625766     
 -0.63690047803375860       0.40130685263128157       0.65826331442025898     
  0.27945980757729688       0.95705591332230422        7.7111573214857676E-002
  0.91776137729395246       0.34362853747037903       0.19908159780219628     
 -0.93870365085425844       0.17777773075637360       0.29534815780702117     
 -0.15989698175181039      -0.81531482306612546       0.55650219632568743     
  0.99874365407115240       -4.4734228889652880E-002   2.2582343063777422E-002
  0.41950254017630478       0.87435432361607957       0.24397158760703233     
  0.85286222730911221       0.10987873260527935       0.51044361623042911     
  -3.8486636058251904E-003 -0.96169384503006572       0.27409877091978568     
  0.61921174175491300      -0.66608048620837079       0.41582881666049448     
  0.32857567703221985       0.91888058153002861       0.21839528692225729     
  0.40206850577009517      -0.62707569699999655       0.66717088283270531     
  0.56994867149218731      -0.81514213277584902       0.10344957823950225     
 -0.22981293162226962      -0.97148888779079678        5.8269695023902300E-002
 -0.58047132218942554       0.11128612820262934       0.80664021830387811     
 -0.45087496801066251       0.88458748476982574       0.11923399267816795     
 -0.32503286106067009       0.92636900779754294       0.19024747205392972     
  0.32871826475938543       0.76142434847849250       0.55872825591487818     
  0.12781980039175209      -0.73450761267484455       0.66645379851157960     
 -0.75060411052521636      -0.59902943716967583       0.27884978512961139     
  0.57442702203699447       0.81852426635732800        7.1848269226230934E-003
  0.89426156733766604       0.31284898675112255       0.32003399924316950     
  0.32411754541146665      -0.30003649130243132       0.89717663848507101     
 -0.52276631441834365      -0.78828110190646006       0.32454319417698263     
   5.5490260431440785E-002  0.90272434594238826       0.42662581525282600     
 -0.76106139879329993      -0.60942501531857152       0.22223118136468700     
 -0.62303830326384146      -0.78154436414925443        3.1806910139953931E-002
 -0.12520266035540187      -0.83899893011978233       0.52953289708741480     
  0.13944549427189531       0.87229419318874013       0.46867664189339708     
 -0.54019325432952625       0.79430050856292345       0.27798911862437520     
 -0.19732516118117649      -0.97963040291254833        3.7243179969236380E-002
 -0.44099597605244528       0.89332952004477040        8.6515418984890555E-002
  0.28962786591075701      -0.39469847993031498       0.87196835334126632     
  0.20872184789140028       0.97567914711579140        6.6973069932629831E-002
  -9.7186611902882497E-002  0.96617867101183397       0.23885882472423889     
 -0.30562085489564944      -0.95215311740640074        5.7798453732423700E-004
 -0.25751158412287450      -0.96626741173349828        3.8824044578105277E-003
  0.29227105405188492       0.65783776023788954       0.69413767522631786     
  0.63475366138408118       0.71708685208620349       0.28787885633474863     
  0.69833466741465666       0.71577132310531255        3.2451029443595936E-004
 -0.76456601615846498      -0.64454528982045700        4.1988788646341664E-004
  0.46807937726632176       0.88368642418826315        1.6832500905625440E-005
  0.10689709053790210       0.99424104797357826        7.5993788517199120E-003
   7.4265205830074496E-002  0.99678613862944754        3.0034530780627858E-002
  0.25689205977449298      -0.96643688406774864        2.4937398098709156E-003
  0.37580835780222910      -0.89429516069319970       0.24290789152828274     
 -0.46346257710428040       0.88611625206836697        6.5379214523843059E-004
 -0.41358475635530056       0.74739329379837627       0.51995279948831952     
  0.26682607214066034      -0.96374404280332926        1.1256940443756592E-003
  0.22414816501219936      -0.97455491329357280        5.6665423335986083E-004
  0.21236060917651969      -0.13815439853959902       0.96737600437179483     
  0.42517791665582827      -0.90510979399640201        2.1977569473480030E-009
  0.13359038453118124      -0.99103663340626691        2.0188701128973981E-005
  0.17074355585824924      -0.98527263124718367        9.1913137326527419E-003
  0.98944469562371606       0.14491098751334117     
  -5.5511151231257827E-017  -1.0000000000000000     
  -5.5511151231257827E-017  -1.0000000000000000     
  -1.9428902930940239E-016 -0.99999999999999989     
  -3.6082248300317588E-016  0.99999999999999989     
  -1.9428902930940239E-016   1.0000000000000000     
  -6.6613381477509392E-016 -0.99999999999999989     
   2.4980018054066022E-016 -0.99999999999999989     
   8.3266726846886741E-017  0.99999999999999989     
   1.4155343563970746E-015  0.99999999999999989     
   2.1094237467877974E-015  -1.0000000000000000     
  -2.5257573810222311E-015 -0.99999999999999989     
  -1.6098233857064770E-015  0.99999999999999978     
   1.3045120539345589E-015  0.99999999999999978     
   1.7763568394002505E-015 -0.99999999999999989     
   6.9388939039072284E-016  -1.0000000000000000     
  -3.4139358007223564E-015 -0.99999999999999989     
  -1.1379786002407855E-015 -0.99999999999999989     
  -4.4408920985006262E-016  0.99999999999999978     
  -3.2751579226442130E-015   1.0000000000000000     
  -8.3266726846886741E-016  0.99999999999999978     
   3.8580250105724190E-015  0.99999999999999978     
  -1.4988010832439619E-015   1.0000000000000000     
   2.2204460492503141E-016   1.0000000000000000     
  -1.0824674490095276E-015  0.99999999999999978     
   1.3877787807814457E-016  0.99999999999999989     
  -5.2735593669694936E-016  0.99999999999999989     
   2.1094237467877974E-015  0.99999999999999989     
  -3.0531133177191805E-016  0.99999999999999989     
   5.2735593669694936E-016  0.99999999999999989     
  -5.2735593669694936E-016  0.99999999999999989     
   8.3266726846886741E-017  0.99999999999999989     
   1.0547118733938987E-015  -1.0000000000000000     
  -1.8596235662471372E-015 -0.99999999999999978     
  -8.8817841970012523E-016  0.99999999999999978     
   4.9960036108132044E-016  0.99999999999999989     
   1.8596235662471372E-015  -1.0000000000000000     
  -1.5820678100908481E-015 -0.99999999999999989     
  -1.0824674490095276E-015   1.0000000000000000     
   9.4368957093138306E-016   1.0000000000000000     
  -3.0531133177191805E-016  0.99999999999999978     
  -1.1102230246251565E-015  0.99999999999999989     
   0.0000000000000000E+000 -0.99999999999999989     
  -5.5511151231257827E-017 -0.99999999999999989     
  -1.3322676295501878E-015 -0.99999999999999989     
   3.6082248300317588E-016 -0.99999999999999978     
   2.6090241078691179E-015  0.99999999999999989     
  -3.3306690738754696E-015   1.0000000000000000     
  -1.6098233857064770E-015  -1.0000000000000000     
  -1.6930901125533637E-015  -1.0000000000000000     
   1.6653345369377348E-015  -1.0000000000000000     
   1.1379786002407855E-015 -0.99999999999999989     
   2.4980018054066022E-016  0.99999999999999978     
  -2.4702462297909733E-015  0.99999999999999989     
   1.3045120539345589E-015  0.99999999999999989     
  -1.4988010832439613E-015  0.99999999999999989     
   3.5249581031848720E-015   1.0000000000000000     
  -8.0491169285323849E-016  0.99999999999999989     
   1.9428902930940239E-016  0.99999999999999978     
  -1.9984014443252818E-015  0.99999999999999978     
  -4.4131365228849988E-015  -1.0000000000000000     
   1.8873791418627661E-015 -0.99999999999999978     
   2.2759572004815709E-015 -0.99999999999999989     
   9.9920072216264089E-016 -0.99999999999999989     
   2.2204460492503131E-015  0.99999999999999978     
  -1.6930901125533637E-015  0.99999999999999989     
  -1.2767564783189300E-015  -1.0000000000000000     
  -6.9388939039072284E-016 -0.99999999999999989     
   1.5543122344752192E-015 -0.99999999999999978     
  -3.3584246494910985E-015 -0.99999999999999978     
   5.2735593669694936E-016 -0.99999999999999978     
   3.3306690738754696E-016 -0.99999999999999989     
  -7.2164496600635175E-016 -0.99999999999999989     
   2.7755575615628914E-017 -0.99999999999999978     
   9.7144514654701197E-016  0.99999999999999989     
  -2.5535129566378600E-015  0.99999999999999989     
   2.7755575615628914E-017  0.99999999999999978     
   2.3314683517128287E-015  0.99999999999999989     
  -5.2735593669694936E-016 -0.99999999999999989     
  -8.0491169285323849E-016 -0.99999999999999978     
  -8.3266726846886741E-016 -0.99999999999999989     
   1.9984014443252818E-015 -0.99999999999999989     
   6.1062266354383610E-016  0.99999999999999989     
   5.2735593669694936E-016  0.99999999999999989     
  -2.2759572004815709E-015  0.99999999999999978     
   2.5535129566378600E-015  0.99999999999999989     
  -1.7763568394002505E-015   1.0000000000000000     
  -8.3266726846886741E-016  0.99999999999999978     
  -3.0808688933348106E-015  -1.0000000000000000     
  -1.6375789613221065E-015  -1.0000000000000000     
  -1.0824674490095276E-015 -0.99999999999999989     
   2.2204460492503131E-015  -1.0000000000000000     
  -4.0800696154974503E-015  0.99999999999999989     
   2.3314683517128287E-015  0.99999999999999989     
  -1.1657341758564144E-015 -0.99999999999999978     
  -1.3600232051658172E-015  -1.0000000000000000     
  -9.9920072216264089E-016 -0.99999999999999978     
  -1.9428902930940239E-016 -0.99999999999999989     
   3.6082248300317588E-016 -0.99999999999999989     
   1.2490009027033011E-015 -0.99999999999999989     
  -2.8310687127941492E-015   1.0000000000000000     
   9.1593399531575415E-016  0.99999999999999989     
  -2.3592239273284576E-015   1.0000000000000000     
   3.2751579226442118E-015  0.99999999999999989     
  -5.4956039718945249E-015 -0.99999999999999978     
   8.8817841970012523E-016  -1.0000000000000000     
  -1.9428902930940239E-015   1.0000000000000000     
  -3.8857805861880479E-016  0.99999999999999989     
   5.7176485768195562E-015 -0.99999999999999989     
  -4.1633363423443370E-015 -0.99999999999999989     
  -1.9984014443252818E-015 -0.99999999999999989     
  -7.7715611723760958E-016  -1.0000000000000000     
   2.1926904736346842E-015  -1.0000000000000002     
   2.8865798640254070E-015 -0.99999999999999989     
   2.2759572004815709E-015  0.99999999999999978     
  -1.1379786002407855E-015  0.99999999999999989     
   4.1078251911130792E-015  0.99999999999999989     
  -8.6042284408449632E-016  0.99999999999999989     
   8.3266726846886741E-017   1.0000000000000000     
  -2.7755575615628914E-017   1.0000000000000000     
  -3.8857805861880479E-016   1.0000000000000000     
   2.7478019859472624E-015  0.99999999999999989     
   2.9698465908722937E-015  0.99999999999999989     
  -5.5788706987414116E-015   1.0000000000000000     
  -8.0491169285323849E-016  0.99999999999999989     
   2.7755575615628914E-017  0.99999999999999978     
   3.8857805861880494E-016  -1.0000000000000000     
  -1.6653345369377348E-015 -0.99999999999999989     
   3.6082248300317588E-015   1.0000000000000000     
   1.1934897514720433E-015   1.0000000000000002     
  -3.1641356201816961E-015   1.0000000000000002     
   2.9976021664879227E-015   1.0000000000000002     
  -5.8564264548977008E-015   1.0000000000000000     
  -5.6066262743570405E-015  0.99999999999999989     
   4.6906922790412864E-015  0.99999999999999989     
  -4.4408920985006262E-016  0.99999999999999989     
   9.5479180117763462E-015   1.0000000000000000     
  -4.3576253716537394E-015   1.0000000000000000     
   3.8025138593411612E-015 -0.99999999999999989     
  -1.4155343563970746E-015  -1.0000000000000000     
   1.7763568394002505E-015 -0.99999999999999989     
  -3.3306690738754696E-015 -0.99999999999999989     
   1.1934897514720433E-015   1.0000000000000002     
  -2.8310687127941492E-015   1.0000000000000002     
  -1.4710455076283324E-015   1.0000000000000000     
   5.6343818499726694E-015   1.0000000000000000     
   2.2482016248659420E-015  -1.0000000000000000     
  -8.8817841970012523E-016 -0.99999999999999989     
   2.5535129566378600E-015   1.0000000000000000     
  -4.7462034302725442E-015   1.0000000000000000     
   6.9111383282915995E-015   1.0000000000000000     
  -7.1054273576010019E-015   1.0000000000000000     
   3.6359804056473877E-015   1.0000000000000000     
  -2.2759572004815709E-015   1.0000000000000002     
  -8.6042284408449632E-016   1.0000000000000000     
   1.6653345369377348E-015   1.0000000000000000     
  -1.8873791418627661E-015   1.0000000000000000     
  -3.5249581031848720E-015  0.99999999999999989     
   9.9920072216264089E-016 -0.99999999999999989     
  -4.6074255521943996E-015 -0.99999999999999989     
   4.5241588253475129E-015  -1.0000000000000000     
  -3.6082248300317588E-015  -1.0000000000000000     
  -7.2719608112947753E-015  -1.0000000000000002     
   8.0491169285323849E-015  -1.0000000000000000     
  -3.5804692544161298E-015  -1.0000000000000000     
   3.1641356201816961E-015  -1.0000000000000000     
   4.0523140398818214E-015   1.0000000000000000     
   9.4368957093138306E-016   1.0000000000000002     
   2.9143354396410359E-015  -1.0000000000000002     
   4.1633363423443370E-016  -1.0000000000000000     
  -5.5511151231257827E-016   1.0000000000000000     
   2.5257573810222311E-015   1.0000000000000000     
   6.3837823915946501E-015 -0.99999999999999989     
  -3.3306690738754696E-015 -0.99999999999999989     
  -1.9984014443252818E-015  0.99999999999999989     
   3.7192471324942760E-015   1.0000000000000000     
  -3.7470027081099049E-015   1.0000000000000000     
   5.5511151231257847E-016   1.0000000000000000     
  -2.7200464103316335E-015 -0.99999999999999989     
   4.6629367034256575E-015 -0.99999999999999989     
  -4.1633363423443370E-015 -0.99999999999999978     
   5.3013149425851225E-015 -0.99999999999999989     
  -3.4139358007223564E-015  0.99999999999999989     
   5.0792703376600912E-015   1.0000000000000000     
   8.5487172896137054E-015   1.0000000000000000     
  -8.7430063189231078E-015   1.0000000000000000     
  -3.4972025275692431E-015 -0.99999999999999978     
  -4.7184478546569153E-016 -0.99999999999999989     
  -2.5257573810222311E-015  0.99999999999999989     
  -6.9388939039072284E-016  0.99999999999999978     
  -8.0768725041480138E-015  -1.0000000000000000     
   5.3568260938163803E-015  -1.0000000000000000     
   1.1379786002407855E-015   1.0000000000000000     
  -2.2759572004815709E-015   1.0000000000000000     
   4.2743586448068527E-015  -1.0000000000000000     
  -6.2727600891321345E-015  -1.0000000000000000     
  -2.9976021664879227E-015  0.99999999999999989     
   3.9968028886505635E-015  0.99999999999999978     
   1.1102230246251565E-015  -1.0000000000000000     
   1.9151347174783950E-015  -1.0000000000000000     
  -2.6367796834847468E-015 -0.99999999999999989     
   1.3877787807814457E-015 -0.99999999999999978     
  -1.8041124150158794E-015 -0.99999999999999989     
  -3.5804692544161298E-015  -1.0000000000000000     
  -1.9151347174783950E-015   1.0000000000000002     
   3.2474023470285829E-015   1.0000000000000002     
  -1.2129186544029835E-014  0.99999999999999989     
   1.9151347174783958E-015   1.0000000000000000     
   2.5812685322534890E-015  0.99999999999999989     
  -6.8001160258290838E-015   1.0000000000000000     
  -1.2934098236883074E-014  -1.0000000000000000     
   1.2156942119645464E-014  -1.0000000000000002     
  -2.9976021664879227E-015  -1.0000000000000000     
  -6.3560268159790212E-015  -1.0000000000000000     
   1.4710455076283324E-015   1.0000000000000002     
  -1.4710455076283324E-015   1.0000000000000002     
  -5.4400928206632670E-015  -1.0000000000000000     
   8.2156503822261584E-015  -1.0000000000000002     
  -8.6597395920762210E-015   1.0000000000000000     
   1.8818280267396403E-014   1.0000000000000000     
   2.6090241078691179E-015  -1.0000000000000002     
   5.3845816694320092E-015  -1.0000000000000002     
  -1.4294121442048890E-014  0.99999999999999989     
   1.8068879725774423E-014   1.0000000000000000     
  -6.9944050551384862E-015   1.0000000000000000     
   1.8096635301390052E-014  0.99999999999999989     
   1.7791323969618134E-014  -1.0000000000000000     
  -6.5225602696727947E-015  -1.0000000000000002     
  -2.6090241078691179E-015   1.0000000000000002     
   5.8841820305133297E-015   1.0000000000000002     
   2.0095036745715333E-014  -1.0000000000000002     
  -2.2565282975506307E-014  -1.0000000000000002     
   5.8286708792820718E-016  -1.0000000000000000     
   0.0000000000000000E+000  -1.0000000000000000     
   9.3813845580825728E-015   1.0000000000000000     
  -1.1851630787873546E-014   1.0000000000000000     
   8.5209617139980764E-015   1.0000000000000000     
   2.0011770018868447E-014   1.0000000000000000     
  -2.9115598820794730E-014   1.0000000000000000     
   1.0880185641326534E-014   1.0000000000000000     
  -9.7422070410857486E-015  -1.0000000000000000     
  -3.8025138593411612E-015 -0.99999999999999989     
  -3.5776936968545670E-014  0.99999999999999978     
   1.4627188349436437E-014  0.99999999999999989     
   3.3306690738754696E-016   1.0000000000000000     
   1.6098233857064770E-014   1.0000000000000002     
  -1.1102230246251565E-015   1.0000000000000000     
   1.8596235662471372E-015   1.0000000000000000     
   7.3829831137572910E-015  0.99999999999999978     
  -2.2370993946196904E-014   1.0000000000000000     
   8.8262730457699945E-015   1.0000000000000002     
   6.5225602696727947E-015   1.0000000000000000     
  -2.6090241078691179E-015 -0.99999999999999978     
   2.2093438190040615E-014 -0.99999999999999989     
   1.7819079545233762E-014   1.0000000000000000     
  -1.8540724511240114E-014   1.0000000000000000     
   2.3647750424515834E-014   1.0000000000000002     
  -2.1677104555806181E-014   1.0000000000000002     
   1.2351231148954867E-014   1.0000000000000000     
  -2.2370993946196904E-014  0.99999999999999989     
  -1.9817480989559044E-014  -1.0000000000000000     
   1.6930901125533637E-015  -1.0000000000000000     
  -2.5951463200613034E-014  -1.0000000000000002     
   2.8060886947400832E-014  -1.0000000000000000     
   7.0776717819853729E-015   1.0000000000000000     
   1.0436096431476471E-014   1.0000000000000002     
   1.1629586182948515E-014   1.0000000000000000     
  -2.7200464103316335E-015   1.0000000000000002     
   1.5182299861749016E-014  -1.0000000000000000     
   5.8841820305133297E-015  -1.0000000000000000     
   5.6066262743570405E-015   1.0000000000000000     
   6.3837823915946501E-015   1.0000000000000000     
  -2.2398749521812533E-014   1.0000000000000002     
   2.7200464103316335E-015   1.0000000000000000     
  -1.7319479184152442E-014  -1.0000000000000000     
   2.2065682614424986E-014 -0.99999999999999989     
   2.8366198279172750E-014   1.0000000000000000     
  -1.7513768213461844E-014   1.0000000000000000     
  -2.8171909249863347E-014  -1.0000000000000000     
   1.8179902028236938E-014 -0.99999999999999989     
  -1.4682699500667695E-014   1.0000000000000000     
   3.2140956562898282E-014  0.99999999999999989     
   2.1316282072803006E-014 -0.99999999999999989     
  -1.1102230246251565E-014 -0.99999999999999989     
   5.6066262743570405E-015 -0.99999999999999978     
  -1.7291723608536813E-014  -1.0000000000000000     
   1.7985612998927536E-014  -1.0000000000000002     
   1.4710455076283324E-015  -1.0000000000000002     
   1.3239409568654992E-014   1.0000000000000002     
   6.1894933622852477E-015   1.0000000000000002     
   1.4183099139586375E-014   1.0000000000000000     
  -5.4789506265251475E-014   1.0000000000000000     
   1.7430501486614958E-014   1.0000000000000000     
   4.4686476741162551E-015  0.99999999999999989     
   1.5515366769136563E-014   1.0000000000000000     
  -1.4349632593280148E-014   1.0000000000000000     
   3.9135361618036768E-014   1.0000000000000000     
  -4.6906922790412864E-014   1.0000000000000002     
   2.1510571102112408E-014   1.0000000000000000     
   2.2759572004815709E-015   1.0000000000000000     
   6.4670491184415368E-015   1.0000000000000000     
  -1.1685097334179773E-014  0.99999999999999989     
  -2.3425705819590803E-014 -0.99999999999999989     
   8.6319840164605921E-015 -0.99999999999999978     
   2.6700863742235015E-014 -0.99999999999999989     
  -2.3120394487818885E-014  -1.0000000000000000     
   1.8346435481930712E-014  -1.0000000000000000     
  -7.7715611723760958E-016 -0.99999999999999978     
   4.8849813083506888E-015  0.99999999999999989     
   1.4821477378745840E-014  0.99999999999999989     
   1.3544720900426910E-014 -0.99999999999999989     
  -2.4757973449140991E-014  -1.0000000000000000     
   1.7597034940308731E-014  -1.0000000000000000     
   1.0713652187632761E-014 -0.99999999999999989     
  -5.1347814888913490E-015  -1.0000000000000000     
   2.2648549702353193E-014 -0.99999999999999989     
  -9.4368957093138306E-016   1.0000000000000000     
   7.0221606307541151E-015   1.0000000000000000     
   1.4072076837123859E-014   1.0000000000000000     
   3.1641356201816961E-015   1.0000000000000002     
   1.1185496973098452E-014   1.0000000000000000     
  -7.2442052356791464E-015  0.99999999999999989     
  -5.2180482157382357E-015  -1.0000000000000000     
   2.1066481892262345E-014  -1.0000000000000000     
   9.3258734068513149E-015   1.0000000000000002     
   2.0428103653102880E-014   1.0000000000000000     
   1.3239409568654992E-014  -1.0000000000000002     
  -1.4627188349436437E-014  -1.0000000000000000     
  -5.6787907709576757E-014   1.0000000000000000     
   5.5733195836182858E-014   1.0000000000000000     
  -1.8374191057546341E-014   1.0000000000000002     
  -2.7949864644938316E-014   1.0000000000000002     
   3.1363800445660672E-014   1.0000000000000002     
   9.0760732263106547E-015  0.99999999999999989     
   2.0955459589799830E-014 -0.99999999999999989     
  -2.2565282975506307E-014 -0.99999999999999989     
   2.8282931552325872E-014  -1.0000000000000000     
   5.8009153036664429E-015 -0.99999999999999978     
  -2.6284530108000581E-014  -1.0000000000000000     
   6.0229599085914742E-015  -1.0000000000000002     
  -2.7755575615628914E-016   1.0000000000000000     
   2.2093438190040615E-014   1.0000000000000000     
  -6.4365179852643450E-014  0.99999999999999989     
   5.9535709695524019E-014  0.99999999999999978     
   2.6229018956769323E-014 -0.99999999999999978     
  -1.2462253451417382E-014  -1.0000000000000000     
  -1.4155343563970746E-014   1.0000000000000000     
   2.2482016248659420E-015   1.0000000000000000     
  -2.1205259770340490E-014   1.0000000000000002     
   1.9984014443252818E-014   1.0000000000000000     
   5.8508753397745750E-014 -0.99999999999999978     
  -7.8798079172770485E-014 -0.99999999999999989     
   4.4408920985006262E-016   1.0000000000000000     
  -9.5479180117763462E-015  0.99999999999999989     
  -5.8009153036664429E-015   1.0000000000000002     
   4.7462034302725442E-015   1.0000000000000002     
  -5.5511151231257827E-015   1.0000000000000000     
  -5.8286708792820718E-015  0.99999999999999989     
  -6.6890937233665682E-015  -1.0000000000000000     
   3.1086244689504383E-015  -1.0000000000000000     
  -1.1046719095020308E-014   1.0000000000000000     
  -1.0352829704629585E-014   1.0000000000000000     
   2.8643754035329039E-014   1.0000000000000000     
  -1.0852430065710905E-014   1.0000000000000000     
  -3.0253577421035516E-015  0.99999999999999989     
   3.7192471324942744E-015   1.0000000000000000     
  -2.4091839634365897E-014   1.0000000000000002     
   2.3314683517128287E-015   1.0000000000000000     
  -3.3889557826682903E-014  -1.0000000000000000     
   2.2482016248659420E-015  -1.0000000000000000     
   2.7755575615628914E-016  -1.0000000000000000     
  -1.3239409568654992E-014 -0.99999999999999978     
   1.7735812818386876E-014 -0.99999999999999978     
  -2.1649348980190553E-014  -1.0000000000000000     
  -5.5233595475101538E-015  0.99999999999999989     
  -5.4845017416482733E-014  0.99999999999999978     
   5.0542903196060252E-014  0.99999999999999989     
  -1.7985612998927536E-014  0.99999999999999978     
   1.9428902930940239E-014  -1.0000000000000000     
  -1.6098233857064770E-015  -1.0000000000000000     
   2.9171109972025988E-014   1.0000000000000000     
  -2.8504976157250894E-014   1.0000000000000002     
   2.3342439092743916E-014   1.0000000000000000     
  -2.7478019859472624E-015  0.99999999999999989     
   1.1268763699945339E-014   1.0000000000000000     
  -2.8060886947400832E-014   1.0000000000000000     
  -2.9781732635569824E-014 -0.99999999999999989     
   2.5535129566378600E-015 -0.99999999999999989     
  -3.5055292002539318E-014   1.0000000000000002     
   5.1458837191376006E-014   1.0000000000000000     
   3.7636560534792807E-014 -0.99999999999999978     
  -1.7236212457305555E-014  -1.0000000000000000     
  -3.3945068977914161E-014  -1.0000000000000000     
   5.6010751592339147E-014  -1.0000000000000000     
   1.2212453270876722E-015  -1.0000000000000000     
  -5.2680082518463678E-014  -1.0000000000000000     
  -4.2854608750531042E-014   1.0000000000000000     
  -3.4694469519536142E-015   1.0000000000000000     
   9.7977181923170065E-015  -1.0000000000000000     
  -1.3600232051658168E-014  -1.0000000000000002     
   2.9226621123257246E-014   1.0000000000000000     
  -7.0499162063697440E-015   1.0000000000000000     
   8.4099394115355608E-015  -1.0000000000000000     
   2.8699265186560297E-014  -1.0000000000000000     
   2.1899149160731213E-014   1.0000000000000000     
   3.4888758548845544E-014   1.0000000000000000     
  -5.3484994211316916E-014  0.99999999999999989     
  -1.4821477378745840E-014  0.99999999999999989     
   2.4202861936828413E-014  0.99999999999999989     
   2.3703261575747092E-014  0.99999999999999989     
   1.5626389071599078E-014 -0.99999999999999989     
   7.8548278992229825E-015  -1.0000000000000000     
   1.7291723608536813E-014  0.99999999999999989     
  -1.0547118733938987E-015  0.99999999999999989     
  -4.5907722068250223E-014   1.0000000000000000     
   4.5297099404706387E-014   1.0000000000000000     
  -8.0768725041480138E-015  0.99999999999999989     
   1.0630385460785874E-014   1.0000000000000000     
   1.8679502389318259E-014   1.0000000000000000     
  -5.7398530373120593E-014   1.0000000000000000     
  -3.9857006584043120E-014  -1.0000000000000002     
   2.3842039453825237E-014  -1.0000000000000000     
  -3.4694469519536142E-015  -1.0000000000000000     
  -1.9428902930940239E-015  -1.0000000000000000     
   7.8825834748386114E-015  -1.0000000000000000     
   1.6930901125533637E-014  -1.0000000000000002     
  -8.2461815154033502E-014  -1.0000000000000000     
   4.9571458049513240E-014  -1.0000000000000000     
   1.2045919817182948E-014   1.0000000000000000     
  -2.8033131371785203E-014   1.0000000000000002     
   2.4147350785597155E-015  -1.0000000000000000     
   2.1621593404574924E-014 -0.99999999999999978     
  -3.1641356201816961E-014 -0.99999999999999989     
  -2.7478019859472624E-015  -1.0000000000000002     
  -1.5376588891058418E-014  -1.0000000000000000     
   2.5646151868841116E-014  -1.0000000000000000     
   2.9892754938032340E-014   1.0000000000000002     
  -1.2656542480726785E-014   1.0000000000000000     
   1.2767564783189300E-015 -0.99999999999999989     
   4.0273340218277554E-014  -1.0000000000000000     
   6.3199445676787036E-014  0.99999999999999989     
  -3.3306690738754696E-016  0.99999999999999989     
   1.3433698597964394E-014  -1.0000000000000000     
  -2.0705659409259169E-014  -1.0000000000000000     
  -8.3544282603043030E-015  -1.0000000000000000     
   3.1197266991966899E-014  -1.0000000000000000     
  -1.4876988529977098E-014  0.99999999999999989     
   2.9254376698872875E-014  0.99999999999999978     
  -2.6062485503075550E-014  0.99999999999999978     
   1.1518563880485999E-014  0.99999999999999989     
  -2.0261570199409107E-015   1.0000000000000000     
  -5.3568260938163803E-015   1.0000000000000000     
  -1.6403545188836688E-014  0.99999999999999989     
   1.1990408665951691E-014  0.99999999999999989     
   3.2446267894670213E-014   1.0000000000000000     
  -2.4147350785597155E-014  0.99999999999999989     
   2.5729418595688003E-014   1.0000000000000000     
   3.0531133177191805E-016  0.99999999999999978     
  -3.8052894169027240E-014  0.99999999999999989     
   3.6359804056473877E-014  0.99999999999999989     
   2.7006175074006933E-014 -0.99999999999999989     
  -1.7513768213461844E-014  -1.0000000000000000     
  -4.3853809472693683E-015  -1.0000000000000000     
   1.4321877017664519E-014 -0.99999999999999989     
   2.7949864644938316E-014   1.0000000000000000     
   4.8017145815038020E-015   1.0000000000000002     
  -1.3850032232198828E-014  -1.0000000000000000     
   4.4964032497318840E-014 -0.99999999999999989     
   1.1657341758564144E-015  0.99999999999999978     
  -5.9952043329758453E-015   1.0000000000000000     
   3.9662717554733717E-014   1.0000000000000002     
  -6.6391336872584361E-014   1.0000000000000000     
   3.7359004778636518E-014   1.0000000000000000     
  -5.8564264548977008E-015  0.99999999999999978     
  -3.4999780851308060E-014   1.0000000000000000     
   4.2826853174915414E-014   1.0000000000000000     
   3.5804692544161298E-015   1.0000000000000000     
  -8.5764728652293343E-015   1.0000000000000000     
   3.1058489113888754E-014   1.0000000000000000     
  -5.4595217235942073E-014   1.0000000000000000     
   7.0138339580694264E-014   1.0000000000000000     
  -1.5820678100908481E-014   1.0000000000000000     
   3.4972025275692431E-014  -1.0000000000000000     
   1.4099832412739488E-014  -1.0000000000000000     
  -3.1835645231126364E-014 -0.99999999999999989     
   3.1974423109204508E-014 -0.99999999999999989     
  -3.1974423109204508E-014 -0.99999999999999989     
   8.4654505627668186E-015 -0.99999999999999989     
   6.9666494795228573E-015  0.99999999999999989     
  -1.6042722705833512E-014  0.99999999999999989     
   3.1585845050585704E-014  -1.0000000000000000     
  -6.1117777505614868E-014  -1.0000000000000000     
  -3.9968028886505635E-015  -1.0000000000000000     
   2.7366997557010109E-014  -1.0000000000000000     
  -1.7263968032921184E-014   1.0000000000000000     
   2.5063284780912909E-014   1.0000000000000000     
  -1.6819878823071122E-014  -1.0000000000000002     
   1.3877787807814457E-014  -1.0000000000000002     
  -2.0400348077487251E-014  -1.0000000000000002     
   3.7608804959177178E-014  -1.0000000000000002     
   1.7291723608536813E-014   1.0000000000000000     
  -3.7775338412870951E-014   1.0000000000000000     
   4.7017945092875379E-014  0.99999999999999989     
  -1.9262369477246466E-014  0.99999999999999989     
   7.6050277186823223E-015  0.99999999999999978     
  -1.7152945730458669E-014  0.99999999999999989     
  -3.9884762159658749E-014   1.0000000000000002     
   7.3635542108263508E-014   1.0000000000000002     
   6.7029715111743826E-014  -1.0000000000000002     
  -9.2703622556200571E-014  -1.0000000000000000     
  -4.6268544551253399E-014  0.99999999999999989     
 -0.98944469562370663      -0.14491098751340589     
